,Tweet_ID,User_ID,Targets,Mean_Polarity
0,588392716372992000,2715213326,bigots,-0.5743648931384087
1,588392716372992000,2715213326,feminists,-0.5743831768631935
2,588392716372992000,2715213326,papers,-0.5727693922817707
3,588392716372992000,2715213326,time,-0.5727982521057129
4,588392716372992000,2715213326,tumblr,-0.5759891159832478
5,588393340099493888,2715213326,civilization,-0.7380863018333912
6,588393340099493888,2715213326,sweat,-0.7380827441811562
7,588393340099493888,2715213326,tears,-0.7380846068263054
8,588396780208947200,2568960285,slut,-0.9216318810358644
9,588397759805394944,305506218,dresses,0.23000088334083557
10,588397759805394944,305506218,everydaysexism,0.33800750598311424
11,588397759805394944,305506218,life,-0.7526399493217468
12,588397759805394944,305506218,suns,0.30741075426340103
13,588397759805394944,305506218,yesallwomen,0.2614613324403763
14,588402793481949184,2756873076,sexism,-0.7517533525824547
15,588425794969440256,1528718839,yesallwomen,0.26154976338148117
16,588440215699775488,115729308,politics,-0.7920135483145714
17,588454999413391360,375278130,girls,-0.2638239413499832
18,588454999413391360,375278130,symbol,-0.263821117579937
19,588454999413391360,375278130,time,-0.2638287618756294
20,588454999413391360,375278130,women,-0.26382479816675186
21,588457762239057920,1556984887,candidate,0.20315144211053848
22,588457762239057920,1556984887,gender,-0.21621107682585716
23,588457762239057920,1556984887,job,0.2031506597995758
24,588497616490655744,481713367,ericwynalda,0.5185775626450777
25,588497616490655744,481713367,girl,0.5031569823622704
26,588497616490655744,481713367,hell,0.5031722411513329
27,588497616490655744,481713367,meganrapinoe,0.5185727272182703
28,588510216272084993,76148385,switch,-0.2997889332473278
29,588517076156813312,2701764742,jeans,-0.7494690092280507
30,588517076156813312,2701764742,yaahnemba,-0.7561611263081431
31,588519429207683072,2753117904,rights,0.2652808129787445
32,588519429207683072,2753117904,women,0.26528315246105194
33,588523621351497729,350747623,feminism,-0.31431831419467926
34,588530846186901506,2303978924,extinction,-0.4671987295150757
35,588530846186901506,2303978924,fanaticism,-0.46857793256640434
36,588530846186901506,2303978924,insects,-0.46719934046268463
37,588530846186901506,2303978924,radio,-0.4671906419098377
38,588551752779104256,25744258,farm,-0.924475995823741
39,588553481784414208,44172057,bed,0.2291792407631874
40,588553481784414208,44172057,time,0.22916565835475922
41,588553651154653184,3015895638,semst,-0.6745506636798382
42,588581982700851200,168173342,fuck,-0.8534009791910648
43,588581982700851200,168173342,somebody,-0.8822737205773592
44,588625327988936704,2534342832,meat,-0.7587764449417591
45,588625327988936704,2534342832,piece,-0.7587515860795975
46,588625327988936704,2534342832,women,-0.758765310049057
47,588625327988936704,2534342832,yesallwomen,0.2614613324403763
48,588694604460888064,57596515,founder,0.6298430189490318
49,588694604460888064,57596515,thethingsthatmatter,0.6448399508371949
50,588708170085888000,336721797,everydaysexism,0.2447074055671692
51,588708170085888000,336721797,semst,0.2433231994509697
52,588708170085888000,336721797,thanks,0.24055802822113037
53,588708170085888000,336721797,whole,0.24055824428796768
54,588708170085888000,336721797,women,0.2405575066804886
55,588708170085888000,336721797,work,0.24055758118629456
56,588728904707399680,2568960285,elam,-0.82427610270679
57,588742923811823616,3041759534,beauty,0.2171764299273491
58,588742923811823616,3041759534,missrepresentation,0.3002551794052124
59,588742923811823616,3041759534,womenrule,0.22774265706539154
60,588742923811823616,3041759534,world,0.6021218150854111
61,588754374488420354,2820596893,beast,-0.7015734612941742
62,588754374488420354,2820596893,peach,-0.7957684323191643
63,588754374488420354,2820596893,samus,-0.7060888931155205
64,588754374488420354,2820596893,women,-0.7957351934164762
65,588754374488420354,2820596893,zelda,-0.7981186676770449
66,588758889367232512,952847162,object,-0.5201457291841507
67,588758889367232512,952847162,semst,0.3107793442904949
68,588758889367232512,952847162,womensrights,0.3028782159090042
69,592533087365373953,721325751,college,-0.8631790261715651
70,592533087365373953,721325751,something,-0.8631733413785696
71,592533087365373953,721325751,time,-0.8632058724761009
72,592533087365373953,721325751,women,-0.8631704151630402
73,592533997588209664,3210553487,friend,0.3429746627807617
74,592533997588209664,3210553487,justsoshelby,0.7346538249403238
75,592533997588209664,3210553487,work,0.7101572761312127
76,592535223423885312,3048509299,f,-0.8530201222747564
77,592536158589988864,2756873076,hack,-0.4097710810601711
78,592536158589988864,2756873076,solace,-0.41207633540034294
79,592536253331038208,621983823,fact,-0.28620873391628265
80,592536253331038208,621983823,feminists,-0.3558009937405586
81,592536253331038208,621983823,rights,-0.2862063944339752
82,592536253331038208,621983823,women,-0.28620176017284393
83,592536875711205376,246362853,crap,-0.606726884841919
84,592536875711205376,246362853,damn,-0.2976629137992859
85,592536875711205376,246362853,meredith,-0.6066759116947651
86,592536875711205376,246362853,peggy,-0.6066870205104351
87,592536875711205376,246362853,scene,-0.2976621985435486
88,592536875711205376,246362853,spoilers,-0.2993079274892807
89,592540629495754754,3052054201,dog,0.25492338836193085
90,592540629495754754,3052054201,half,0.25493133068084717
91,592540629495754754,3052054201,reasons,0.25493115186691284
92,592543205603811329,2171549541,feminists,-0.8161558378487825
93,592543205603811329,2171549541,semst,-0.8180853463709354
94,592560782325350400,2658420401,disposition,-0.25951388105750084
95,592560782325350400,2658420401,dolls,-0.2595140375196934
96,592560782325350400,2658420401,things,0.20512637495994568
97,592566057673433088,3152384252,crap,-0.9221484176814556
98,592566057673433088,3152384252,load,-0.9221496814861894
99,592566057673433088,3152384252,office,-0.3719041123986244
100,592578496343343104,57263670,monologue,-0.707628614269197
101,592594081433321474,2534342832,idiot,-0.7751606050878763
102,592595400982429696,177280097,appearance,-0.5773401521146297
103,592595400982429696,177280097,approval,-0.5773409157991409
104,592595400982429696,177280097,sisters,-0.5773418433964252
105,592602029891133440,483405140,semst,-0.8824773328378797
106,592606119664734208,31631820,response,0.48254920169711113
107,592606119664734208,31631820,semst,0.5048189861699939
108,592641049727770624,949555026,draumkunta,-0.81470419280231
109,592641049727770624,949555026,shit,-0.809270840138197
110,592641049727770624,949555026,standards,-0.8092389069497585
111,592691737224683521,2364629671,sjws,-0.739497896283865
112,592693866572185601,2845021300,feminists,-0.4255983233451843
113,592693866572185601,2845021300,gap,-0.42371904850006104
114,592693866572185601,2845021300,lawsuits,-0.4237191677093506
115,592693866572185601,2845021300,women,-0.423718586564064
116,592701048688648193,3071440342,feminists,-0.2656562551856041
117,592701048688648193,3071440342,loud,-0.2629595175385475
118,592701048688648193,3071440342,semst,-0.3096010163426399
119,592708507947925506,945530322,war,0.23951182514429092
120,592710411344080896,1242194030,jail,-0.4690445363521576
121,592710411344080896,1242194030,patriarchy,-0.47037705034017563
122,592733241339154432,2383867424,beauty,0.3330629840493202
123,592733241339154432,2383867424,inside,0.3330572247505188
124,592733241339154432,2383867424,model,0.40542570129036903
125,592733241339154432,2383867424,semst,0.4156436212360859
126,592747076364144641,65533495,women,0.2708466053009033
127,592764391579324417,382151611,everyone,-0.8928566314280033
128,592764391579324417,382151611,place,-0.8928608223795891
129,592764391579324417,382151611,world,0.47571175545454025
130,592765422577004544,25669608,day,0.3659116569906473
131,592765422577004544,25669608,semst,0.3736774455755949
132,592791524171186176,30486400,dinosaur,-0.7955975607037544
133,592791524171186176,30486400,fool,-0.7955702617764473
134,592791524171186176,30486400,rhetoric,-0.4360327646136284
135,592791937058471937,303665229,ppl,-0.7720353342592716
136,592794332731674624,303665229,simone,-0.23811004683375359
137,592796389232476160,310483874,girlfriend,0.30613432824611664
138,592796389232476160,310483874,life,0.30612756311893463
139,592796389232476160,310483874,semst,0.312248557806015
140,592796389232476160,310483874,sin,0.3061297833919525
141,592814449267990528,3039721373,brain,0.20512400567531586
142,592814449267990528,3039721373,f,0.2051214873790741
143,592814449267990528,3039721373,shit,-0.6203698962926865
144,592837263412875265,2560238717,beauty,-0.3060724213719368
145,592837263412875265,2560238717,equality,-0.30606909096241
146,592837263412875265,2560238717,value,-0.30607279390096664
147,592866525784190976,495199212,hollywood,-0.4948199763894081
148,592866525784190976,495199212,women,-0.4948187619447708
149,592884688966025217,2903479080,attention,-0.932980683632195
150,592884688966025217,2903479080,joke,-0.7366216294467449
151,592884688966025217,2903479080,man,-0.9329787911847234
152,592884688966025217,2903479080,semst,-0.22400689125061035
153,592884688966025217,2903479080,shit,-0.9329756423830986
154,592891086915371008,564068690,father,-0.2982322797179222
155,592891086915371008,564068690,harry,-0.29823075234889984
156,592891086915371008,564068690,job,-0.2982315681874752
157,592891086915371008,564068690,villain,-0.29823183827102184
158,592923352177582080,1657033226,bitch,-0.8438790235668421
159,592923352177582080,1657033226,semst,-0.8472735546529293
160,592923352177582080,1657033226,weneedfeminism,-0.8506069015711546
161,592945245379145728,493759293,semst,-0.6999252699315548
162,592945245379145728,493759293,vivvyyy,-0.9111799616366625
163,592945473649975296,32419017,moment,0.2363196238875389
164,592945473649975296,32419017,wife,0.23632202297449112
165,592946574352883712,212853504,women,-0.7011237181723118
166,592972969699364864,133402768,lot,-0.8217116044834256
167,592972969699364864,133402768,narcissism,-0.8272869186475873
168,592972969699364864,133402768,self,-0.8217290742322803
169,592972969699364864,133402768,women,-0.8217223938554525
170,592994701076213760,75845845,place,-0.32171716913580894
171,592994701076213760,75845845,street,-0.32172244042158127
172,593027776824881152,250115148,semst,0.4469517096877098
173,593028277914173441,250115148,20s,0.29134228453040123
174,593028277914173441,250115148,career,0.2913402169942856
175,593028277914173441,250115148,family,0.2913392744958401
176,593028387259731968,250115148,cold,-0.9322187290526927
177,593028387259731968,250115148,questions,-0.20864588394761086
178,593028873710915584,250115148,ceiling,-0.3349062204360962
179,593028873710915584,250115148,glass,-0.33491261303424835
180,593028873710915584,250115148,semst,-0.33702535927295685
181,593040819801690114,17674757,law,-0.47225427627563477
182,593040819801690114,17674757,mslatina,-0.4788345843553543
183,593040819801690114,17674757,right,-0.47224055230617523
184,593041899709136896,46491617,court,0.21218640357255936
185,593042106861641728,24828490,bitch,-0.9267941089347005
186,593042106861641728,24828490,semst,-0.9287478886544704
187,593042106861641728,24828490,world,-0.9267872544005513
188,593046168751452160,3119138842,everything,-0.2820524796843529
189,593046168751452160,3119138842,feminists,-0.2832619249820709
190,593046168751452160,3119138842,gym,-0.2820615917444229
191,593046168751452160,3119138842,society,-0.2820632755756378
192,593046168751452160,3119138842,weight,-0.28205595910549164
193,593054572228321282,84599864,attack,-0.5980374626815319
194,593054572228321282,84599864,semst,-0.6015354059636593
195,593054572228321282,84599864,sight,-0.5980417765676975
196,593054572228321282,84599864,skin,-0.5980403274297714
197,593054572228321282,84599864,spectator,-0.5980447866022587
198,593054572228321282,84599864,women,-0.5980483815073967
199,593096339627614211,292586465,guyz,-0.3556111454963684
200,593096339627614211,292586465,issues,-0.35496600717306137
201,593096339627614211,292586465,semst,-0.35626018792390823
202,593099625868951552,3110487671,standard,0.279239185154438
203,593118928764731392,429386417,semst,-0.7265533730387688
204,593200102946304000,3181603264,empoweringwomen,-0.7842949219048023
205,593200102946304000,3181603264,semst,-0.7832492031157017
206,593200102946304000,3181603264,sexuality,-0.7812063619494438
207,593200102946304000,3181603264,w,-0.7811849191784859
208,593229964851486720,2831172226,shit,-0.9181138724088669
209,593229964851486720,2831172226,wife,-0.9181014038622379
210,593258898875936768,2517983482,asshole,-0.799022551625967
211,593258898875936768,2517983482,enews,-0.7317576706409454
212,593258898875936768,2517983482,manner,-0.7298426553606987
213,593258898875936768,2517983482,women,-0.4694386413320899
214,593284886976331776,2685871154,yesallwomen,0.27312688529491425
215,593296962213978113,196479615,commentary,-0.5151899196207523
216,593296962213978113,196479615,laughs,0.2766445428133011
217,593296962213978113,196479615,thanks,0.2766338996589184
218,593326170382454784,2316983790,interview,0.21338623389601707
219,593326170382454784,2316983790,stylistmagazine,0.22955737356096506
220,593326170382454784,2316983790,views,0.5842919982969761
221,593355218823323648,3217290237,semst,0.2631977051496506
222,593355218823323648,3217290237,time,-0.3108989968895912
223,593428992008552448,271126094,pig,-0.5675123650580645
224,593441881478037504,815977938,bit,0.4905631812289357
225,593441881478037504,815977938,happiness,0.4905662974342704
226,593441881478037504,815977938,semst,0.5026886854320765
227,593441881478037504,815977938,stress,0.49056714959442616
228,593441881478037504,815977938,top,0.23824188858270645
229,593462551226294273,20587072,bellhooks,0.6273454483598471
230,593462551226294273,20587072,semst,0.6200754437595606
231,593466449399775232,2970485691,crimes,-0.7637749277055264
232,593466449399775232,2970485691,rape,-0.7637745589017868
233,593466449399775232,2970485691,survivors,-0.7637724280357361
234,593466449399775232,2970485691,victims,-0.7637724578380585
235,593467583053078529,2970485691,rape,-0.6528164483606815
236,593467583053078529,2970485691,statistics,-0.652798080816865
237,593467583053078529,2970485691,victims,-0.6528030298650265
238,593470828559360002,2957101507,innocence,-0.5161742269992828
239,593470828559360002,2957101507,law,-0.5161717422306538
240,593470828559360002,2957101507,scope,-0.5161677598953247
241,593487743356903426,54682894,follower,0.3306465148925781
242,593487743356903426,54682894,views,-0.7651331927627325
243,593492747165761537,3098137655,case,-0.6446695700287819
244,593492747165761537,3098137655,victimhood,-0.6474487278610468
245,614114660267094017,2565936404,questions,-0.6057066451758146
246,614114660267094017,2565936404,rape,-0.6057116352021694
247,614114660267094017,2565936404,semst,-0.34850379079580307
248,614117830078803968,2565936404,riotchildarmy,-0.2549567371606827
249,614131007747440640,2565936404,coercion,-0.8271672204136848
250,614131007747440640,2565936404,rape,-0.8233088124543428
251,614131007747440640,2565936404,semst,-0.2750939205288887
252,614134158651170816,18227863,culture,-0.7731929384171963
253,614134158651170816,18227863,women,-0.7731796596199274
254,614135222318309376,890240018,boys,-0.38502906262874603
255,614135222318309376,890240018,girls,-0.3850299343466759
256,614135222318309376,890240018,semst,-0.3881920054554939
257,614135996247093248,890240018,countries,-0.41300617903470993
258,614135996247093248,890240018,maternity,-0.41300445050001144
259,614135996247093248,890240018,semst,-0.41717439889907837
260,614135996247093248,890240018,states,-0.41300634294748306
261,614138881001308161,2565936404,rfom,-0.6446648426353931
262,614138881001308161,2565936404,someone,-0.6433063670992851
263,614138881001308161,2565936404,threat,-0.6433242335915565
264,614138881001308161,2565936404,womenundrsiege,-0.6488271504640579
265,614152080975134720,3150327612,man,-0.5875773429870605
266,614152080975134720,3150327612,yesallwomen,-0.5987059772014618
267,614199533610905600,606727141,leicester,0.5107922032475471
268,614199533610905600,606727141,show,0.5107972882688046
269,614200988233265152,3338164798,man,-0.23124973475933075
270,614200988233265152,3338164798,nighter,-0.23222823441028595
271,614200988233265152,3338164798,road,-0.23124509304761887
272,614241596100313088,2410623764,nevermind,-0.25999971479177475
273,614248722030010368,2584178036,ass,-0.8295084964483976
274,614248722030010368,2584178036,time,-0.8295028116554022
275,614248722030010368,2584178036,work,-0.8294982891529799
276,614255607307214848,2798979048,crime,-0.6773096825927496
277,614255607307214848,2798979048,father,-0.6773065645247698
278,614255607307214848,2798979048,rape,-0.677315253764391
279,614255607307214848,2798979048,semst,-0.6810885760933161
280,614316314019151872,1675067046,concepts,0.24293361231684685
281,614316314019151872,1675067046,methodology,0.24293500185012817
282,614316314019151872,1675067046,research,0.24293437972664833
283,614345594736377856,22067872,incompetent,-0.8299276866018772
284,614345594736377856,22067872,meritocracy,-0.829938130453229
285,614345594736377856,22067872,sexist,-0.8272283300757408
286,614350868519890944,56350690,counterparts,-0.2163076177239418
287,614350868519890944,56350690,matildas,-0.2177324742078781
288,614350868519890944,56350690,sports,0.32508647441864014
289,614370262394535936,320146757,enemy,-0.5669627450406551
290,614370262394535936,320146757,friend,-0.5669650919735432
291,614370262394535936,320146757,guy,-0.566967710852623
292,614370262394535936,320146757,semst,0.2842215821146965
293,614370262394535936,320146757,vegans,0.27959275245666504
294,614396910879666176,21395960,decisions,0.36165471747517586
295,614396910879666176,21395960,family,0.36165621876716614
296,614396910879666176,21395960,kids,0.3616601414978504
297,614396910879666176,21395960,time,0.3616486266255379
298,614424714656677888,972496296,captain,0.3323228508234024
299,614424714656677888,972496296,ship,0.33232253789901733
300,614424714656677888,972496296,world,0.31247667968273163
301,614445865055338496,239281295,hand,-0.5755333341658115
302,614445865055338496,239281295,street,-0.5755375288426876
303,614499223334092800,115852160,feministcruelty,-0.20952783524990082
304,614549938484191234,1295672767,dad,-0.7328139264136553
305,614549938484191234,1295672767,family,-0.7328083030879498
306,614549938484191234,1295672767,hospital,-0.7328069694340229
307,614549938484191234,1295672767,lies,-0.732815820723772
308,614549938484191234,1295672767,women,-0.7328095827251673
309,614592293643911168,14250106,fuckyeahglasto,-0.9362223222851753
310,614593842075951104,2323631724,america,0.4507184959948063
311,614593842075951104,2323631724,battle,0.4507104828953743
312,614593842075951104,2323631724,congratulations,0.4507211595773697
313,614593842075951104,2323631724,equality,0.45071846432983875
314,614707099688308736,21819264,feminists,-0.37407153472304344
315,614707099688308736,21819264,names,-0.3722105398774147
316,614707099688308736,21819264,sexism,-0.521014854311943
317,614787536414744576,48663757,beijing,-0.23495423793792725
318,614787536414744576,48663757,hat,-0.23494764417409897
319,614809328843943936,362576854,strength,0.4833350256085396
320,614809328843943936,362576854,women,0.0174131840467453
321,614809328843943936,362576854,world,0.48333602026104927
322,614820069059768321,21109485,fan,0.4747317209839821
323,614820069059768321,21109485,music,0.4747372418642044
324,614831559883886595,2436453084,economy,0.40320390835404396
325,614831559883886595,2436453084,pay,0.40319863334298134
326,614831559883886595,2436453084,stimulus,0.4031979739665985
327,614836463067340800,839241362,fear,-0.21129970252513885
328,614836463067340800,839241362,oppressor,-0.21491339057683945
329,614836849241145344,875902951,semst,-0.4406261742115021
330,614861584406548480,3346766793,videos,-0.7802598923444748
331,614890822396284928,3257153431,beliefs,-0.6346616558730602
332,614890822396284928,3257153431,fashion,-0.6346792876720428
333,614890822396284928,3257153431,furry,-0.6346749812364578
334,614926740159213568,330184418,communists,0.39423011243343353
335,614926740159213568,330184418,faith,-0.27027589827775955
336,614926740159213568,330184418,semst,-0.2723509967327118
337,614942039357149184,239281295,body,-0.48489492759108543
338,614942039357149184,239281295,man,-0.4848930798470974
339,614942039357149184,239281295,street,-0.48489798977971077
340,614967738935717888,239281295,onslaught,0.3951483927667141
341,615008478868865024,3258396847,equality,0.3434140235185623
342,615008478868865024,3258396847,friendship,0.46481815353035927
343,615032975047196673,3346946283,feminism,0.24979589879512787
344,615032975047196673,3346946283,idealogies,0.2539999485015869
345,615032975047196673,3346946283,ones,0.2498028725385666
346,615043642646892544,2935492656,cutting,-0.3994959592819214
347,615043642646892544,2935492656,eression,-0.4028260186314583
348,615043642646892544,2935492656,genitals,-0.4028213322162628
349,615043642646892544,2935492656,mutilation,-0.40282489359378815
350,615043642646892544,2935492656,semst,-0.40279562771320343
351,615060817524981760,2584178036,game,-0.5790857933461666
352,615060817524981760,2584178036,socks,-0.5790762789547443
353,615060817524981760,2584178036,themarysue,0.5461743958294392
354,615076509385158656,97612688,female,-0.7687584273517132
355,615076509385158656,97612688,night,-0.7688140776008368
356,615076509385158656,97612688,nudes,-0.770402466878295
357,615076509385158656,97612688,shame,-0.7687950637191534
358,615086624670679040,3343771132,feminism,-0.8100306708365679
359,615086624670679040,3343771132,reason,-0.8100219089537859
360,615118166298116096,16665596,joke,-0.6426339186728001
361,615118166298116096,16665596,maths,-0.6440687216818333
362,615118166298116096,16665596,sexist,-0.6440781988203526
363,615118166298116096,16665596,women,-0.6426344066858292
364,615118720910925824,3309419164,charlottechurch,0.23125353455543518
365,615118720910925824,3309419164,semst,0.23290557600557804
366,615118720910925824,3309419164,singer,0.22960816510021687
367,615118720910925824,3309419164,stage,0.22960975393652916
368,615141302263414784,2935492656,adultery,-0.513516116887331
369,615141302263414784,2935492656,eression,-0.5173137597739697
370,615141302263414784,2935492656,semst,-0.5173015296459198
371,615172852719857666,41983621,penises,-0.7588694058358669
372,615172852719857666,41983621,vaginas,-0.7939461451023817
373,615216143230496768,106211842,rape,-0.7627327274531126
374,615216143230496768,106211842,sex,-0.7627499476075172
375,615226445435158528,875198178,feminism,-0.5857215113937855
376,615226445435158528,875198178,gender,-0.5856913849711418
377,615226445435158528,875198178,toad,-0.5857475697994232
378,615236412594634752,1573722223,front,-0.2466520294547081
379,615236412594634752,1573722223,semst,-0.8909488618373871
380,615236412594634752,1573722223,women,-0.24664773046970367
381,615253524973264896,738696752,everything,0.5425787195563316
382,615262029352321024,2160131833,censorship,-0.5052931793034077
383,615262029352321024,2160131833,germany,-0.5052943266928196
384,615262029352321024,2160131833,practices,-0.5052936375141144
385,615262029352321024,2160131833,wwii,-0.5052945353090763
386,615263123235315712,1275194059,hate,-0.2626446932554245
387,615263123235315712,1275194059,heart,-0.26268617808818817
388,615263123235315712,1275194059,inequality,-0.2626713365316391
389,615263123235315712,1275194059,lungs,0.5103036314249039
390,615263123235315712,1275194059,top,0.5102994590997696
391,615273439646089216,40684243,fernemccann,0.3304595425724983
392,615545616555470848,1259548171,librarians,0.6908962400630116
393,615545616555470848,1259548171,semst,-0.9275466967374086
394,615560419923599360,594711386,semst,-0.2750939205288887
395,615562383898058752,3309620663,croft,0.27829766273498535
396,615563571452317696,2275254024,feminists,-0.5167365558445454
397,615617996749438976,3342381723,feminists,-0.35364382341504097
398,615617996749438976,3342381723,patriarchy,-0.35364406928420067
399,615617996749438976,3342381723,semst,-0.35508472844958305
400,615617996749438976,3342381723,side,-0.3522052876651287
401,615617996749438976,3342381723,signsyoureintheusa,-0.35941607132554054
402,615636084001775616,520605382,reason,-0.5942532792687416
403,615636084001775616,520605382,semst,-0.6009999439120293
404,615637779108659200,2916949294,any1,-0.7103454284369946
405,615637779108659200,2916949294,lunatics,-0.7103625163435936
406,615637779108659200,2916949294,occupywomen,-0.7135540992021561
407,615774326294384640,763879189,fuck,-0.5617571584880352
408,615774326294384640,763879189,holiday,-0.5617529414594173
409,615774326294384640,763879189,holidays,-0.5617489237338305
410,615774326294384640,763879189,mag,-0.5617411732673645
411,615774326294384640,763879189,pages,-0.5617522317916155
412,615774326294384640,763879189,point,-0.25935352593660355
413,615774326294384640,763879189,time,-0.5617519523948431
414,615786634370379776,2564535115,documentary,0.8155104946345091
415,615786634370379776,2564535115,riot,-0.555901788175106
416,615793434121515009,144317147,misinformation,-0.39517706632614136
417,615793434121515009,144317147,vaccination,-0.393741637468338
418,615793434121515009,144317147,wagegap,-0.39373837038874626
419,615824843695468544,1399721636,australia,-0.8961481284350157
420,615824843695468544,1399721636,minister,-0.8961367513984442
421,615824843695468544,1399721636,semst,-0.8984806668013334
422,615824843695468544,1399721636,women,-0.8961395714432001
423,615914912108421120,2738371508,fest,-0.7487196121364832
424,615914912108421120,2738371508,victimhood,-0.7513845171779394
425,615951305274748928,20416773,patriarchy,-0.8295958209782839
426,615951305274748928,20416773,rapeculture,-0.8295729579403996
427,615983097650151424,3035739602,part,-0.4576127529144287
428,615989480500121600,3253139498,life,0.21448829025030136
429,616009212477345793,3256080464,extremists,-0.4992519337683916
430,616009212477345793,3256080464,lenadunham,-0.49708749167621136
431,616018742678560768,872664656,chris4,0.20302166044712067
432,616019504527601665,3022193149,feminism,-0.3702729046344757
433,616019504527601665,3022193149,problem,-0.37026507407426834
434,616019504527601665,3022193149,rights,-0.3702741861343384
435,616020081483517952,21819264,b,-0.2025352567434311
436,616020081483517952,21819264,humans,-0.2025403082370758
437,616020081483517952,21819264,rights,-0.2025429606437683
438,616039104048955392,122215691,aye,0.2817499041557312
439,616039104048955392,122215691,feminism,0.25669291615486145
440,616039104048955392,122215691,mother,-0.9000437753275037
441,616039104048955392,122215691,quote,-0.9000252513214946
442,616047197151342593,52432921,healing,0.20524607598781586
443,616047197151342593,52432921,lot,0.20525110512971878
444,616047197151342593,52432921,martinez,0.20524323731660843
445,616047197151342593,52432921,semst,0.20768903195858002
446,616051049191747584,2178564559,equality,-0.7539090607315302
447,616051049191747584,2178564559,place,-0.7539165206253529
448,616051049191747584,2178564559,trash,-0.7539378646761179
449,616080892566589440,2710813772,howtospotafeminist,-0.3122475892305374
450,616102790880833536,3102023268,beauty,0.24606897495687008
451,616102790880833536,3102023268,eye,0.2083383910357952
452,616102790880833536,3102023268,goat,0.2083331234753132
453,616102810262704128,2333881903,half,-0.8408142272382975
454,616114893293506561,3304420079,hair,-0.6196496859192848
455,616114893293506561,3304420079,semst,-0.6244318783283234
456,616127975801499648,509769573,ads,-0.38827870413661003
457,616127975801499648,509769573,bikini,-0.3882957957684994
458,616127975801499648,509769573,models,-0.38827523961663246
459,616127975801499648,509769573,person,-0.38828839734196663
460,616162831180939264,2715213326,objects,-0.8761300183832645
461,616162831180939264,2715213326,women,-0.8761261301115155
462,616204276596088832,53905837,rise,0.6164119504392147
463,616204276596088832,53905837,runtheworldgirls,0.2023109495639801
464,616204276596088832,53905837,semst,0.6301115341484547
465,616218488135385088,3131055880,feminists,-0.286948099732399
466,616255576356425728,3352556542,initiative,0.3063444681465626
467,616276761500876800,969566850,bs,-0.7693728413432837
468,616276761500876800,969566850,gaze,-0.7693758048117161
469,616276761500876800,969566850,girls,-0.7693716008216143
470,616276761500876800,969566850,point,-0.7693659607321024
471,616295438128427008,471333409,machine,-0.21087821573019028
472,616295438128427008,471333409,twitter,-0.21088627725839615
473,616295438128427008,471333409,weneedfeminism,-0.2155613675713539
474,616304415704772608,429341725,discourses,0.24834980629384518
475,616304415704772608,429341725,disempowerment,0.25563567131757736
476,616304415704772608,429341725,song,0.2459466252475977
477,616304415704772608,429341725,summary,0.24594556540250778
478,616304415704772608,429341725,thing,0.2679144889116287
479,616309280929505280,1393600633,abuse,-0.9106144234538078
480,616309280929505280,1393600633,damn,-0.910624198615551
481,616309280929505280,1393600633,women,-0.9106112653389573
482,616320711754317824,3191431412,belief,0.28083468973636627
483,616320711754317824,3191431412,feminism,0.2808353900909424
484,616320711754317824,3191431412,lovetheladies,0.3319288268685341
485,616320711754317824,3191431412,opportunities,0.2808351665735245
486,616320711754317824,3191431412,rights,0.28083596378564835
487,616320711754317824,3191431412,women,0.28083497285842896
488,616326961091231745,3271904619,complaints,-0.8812620686367154
489,616326961091231745,3271904619,hand,-0.881269495934248
490,616326961091231745,3271904619,semst,-0.8830521944910288
491,616326961091231745,3271904619,shit,-0.8812785884365439
492,616338350274772993,130271069,ass,-0.5810671150684357
493,616338350274772993,130271069,boxes,-0.5810148939490318
494,616338350274772993,130271069,gender,-0.5809732526540756
495,616338350274772993,130271069,muscles,-0.5810209363698959
496,616371464019668992,21819264,antifeminism,-0.21411409974098206
497,616371464019668992,21819264,information,0.39053524658083916
498,616371464019668992,21819264,principle,0.39053262770175934
499,616371464019668992,21819264,universe,0.3905348926782608
500,616375300465762304,56483993,posters,-0.35050777345895767
501,616375300465762304,56483993,yesallwomen,-0.3539613224565983
502,616413990239899648,21819264,feminists,0.23867657035589218
503,616413990239899648,21819264,misogyny,-0.3178066089749336
504,616413990239899648,21819264,mra,-0.3145027607679367
505,616414652646428672,34830116,thats,-0.22584404796361923
506,616417898802884608,954148879,hiscock,-0.9148288182914257
507,616417898802884608,954148879,myvagina,-0.916157053783536
508,616417898802884608,954148879,semst,-0.9161321017891169
509,616417898802884608,954148879,shit,-0.9135111514478922
510,616422745191116800,27049695,eyes,-0.4147547036409378
511,616422745191116800,27049695,tattoos,-0.41475290060043335
512,616451603076263936,3253109460,sigh,0.3793111890554428
513,616494509552054272,3038116383,boobs,-0.3007848463021219
514,616494509552054272,3038116383,lot,-0.9220592584460974
515,616494509552054272,3038116383,shit,-0.9220726229250431
516,616499434898108416,38459796,lies,-0.8549877582117915
517,616499434898108416,38459796,minorities,-0.854989206418395
518,616499434898108416,38459796,women,-0.8549919240176678
519,616510170227736576,282828453,beegees,0.23090572841465473
520,616510170227736576,282828453,class,0.7519908091053367
521,616510170227736576,282828453,day,0.2261536829173565
522,616510170227736576,282828453,feminism,0.2261515036225319
523,616510170227736576,282828453,somebody,0.22614954225718975
524,616510170227736576,282828453,song,0.22615254297852516
525,616510170227736576,282828453,theory,0.22615153528749943
526,616510170227736576,282828453,topic,0.22615249641239643
527,616512632267210752,471333409,abuse,-0.5290963519364595
528,616512632267210752,471333409,culture,-0.5291040390729904
529,616512632267210752,471333409,folks,-0.5290887951850891
530,616512632267210752,471333409,harassment,-0.5290913004428148
531,616512632267210752,471333409,rape,-0.5291011817753315
532,616512632267210752,471333409,semst,-0.5304110422730446
533,616512632267210752,471333409,year,-0.5291018486022949
534,616512632267210752,471333409,yesallwomen,-0.531092680990696
535,616563177007017984,546258169,breaks,-0.5757653266191483
536,616563177007017984,546258169,women,-0.5757441855967045
537,616590510677848064,3164632718,beings,-0.26739224046468735
538,616590510677848064,3164632718,friends,-0.2673908993601799
539,616590510677848064,3164632718,slut,-0.2686982601881027
540,616590510677848064,3164632718,women,-0.26738668978214264
541,616613349288054785,509769573,clothes,-0.32754281163215637
542,616613349288054785,509769573,group,-0.7426592726260424
543,616635394000457729,32313617,everyone,-0.8138864003121853
544,616635394000457729,32313617,extremists,-0.8220100216567516
545,616635681733914624,2658420401,betas,-0.6198259964585304
546,616635681733914624,2658420401,choice,-0.21336513757705688
547,616635681733914624,2658420401,women,-0.6166875809431076
548,616708298583093248,429523010,primatemachine,-0.30784324184060097
549,616723494101979136,2708308693,feminists,-0.577114375308156
550,616723494101979136,2708308693,nickrinke,-0.5795110072940588
551,616818819739226112,572956335,god,-0.5501456260681152
552,616867805430857728,347500057,break,-0.5278273895382881
553,616867805430857728,347500057,guy,-0.5278341881930828
554,616867805430857728,347500057,hell,-0.7399138379842043
555,616867805430857728,347500057,video,-0.739920224994421
556,616928690354692096,3248746786,everybody,-0.44085821509361267
557,616928690354692096,3248746786,feminism,-0.44086436182260513
558,616928690354692096,3248746786,person,-0.4408659562468529
559,616946580801716225,3303389147,feminists,-0.39868737757205963
560,616946580801716225,3303389147,freedom,-0.3965820446610451
561,616946580801716225,3303389147,ones,-0.3965664282441139
562,616946580801716225,3303389147,speech,-0.3965752124786377
563,616969529210572800,350490772,dream,-0.8695294857025146
564,616969529210572800,350490772,life,-0.8695326186716557
565,616969529210572800,350490772,semst,-0.68092230707407
566,616969529210572800,350490772,slut,-0.8712836112827063
567,616969529210572800,350490772,socket,-0.8695190437138081
568,616969529210572800,350490772,yesallwomen,0.2614613324403763
569,617030820402892801,2806775116,books,-0.3215174078941345
570,617030820402892801,2806775116,feminists,-0.32291772961616516
571,617030820402892801,2806775116,semst,-0.32428262382745743
572,617038771976978433,244804238,actortrivia,-0.8919055182486773
573,617038771976978433,244804238,display,-0.8899283222854137
574,617038771976978433,244804238,tits,-0.8899358762428164
575,617154403250798592,3267639163,ashamed,-0.6756872916594148
576,617154403250798592,3267639163,man,-0.7872091606259346
577,617154403250798592,3267639163,opportunity,-0.5154724642634392
578,617154403250798592,3267639163,pigs,-0.5154679045081139
579,617279126202781696,2534342832,bedrooms,-0.559504184871912
580,617279126202781696,2534342832,government,-0.5594989582896233
581,617279126202781696,2534342832,step,-0.5594978258013725
582,617337415016009728,1855651098,work,0.6332347691059113
583,617376111832526848,3355967331,feminism,-0.2326173111796379
584,617376111832526848,3355967331,hatred,-0.23261189460754395
585,617376111832526848,3355967331,posts,-0.2326192744076252
586,617376111832526848,3355967331,tag,-0.2326175570487976
587,617392043812241408,509769573,feminism,-0.526802122592926
588,617392043812241408,509769573,imbeciles,0.21586117148399353
589,617392043812241408,509769573,lover,-0.5268191769719124
590,617392043812241408,509769573,misogyny,-0.5316063053905964
591,617392043812241408,509769573,world,0.20938456058502197
592,617420035003387904,1633773842,face,-0.20847748219966888
593,617420035003387904,1633773842,semst,-0.21196219697594643
594,617440172486062081,2743380299,day,-0.5460292249917984
595,617440172486062081,2743380299,fireworks,-0.546022854745388
596,617440172486062081,2743380299,women,-0.5460233837366104
597,617443985078890500,290336510,maybelline,-0.2482500523328781
598,617455885938491392,3352556542,one,0.23432527482509613
599,617459596471439361,1349093048,man,-0.4325443133711815
600,617460202246393860,1349093048,bigot,-0.7498756032437086
601,617472972140511234,109071016,knope,0.582177747040987
602,617472972140511234,109071016,nothing,0.5770433992147446
603,617472972140511234,109071016,rights,0.5770432651042938
604,617472972140511234,109071016,semst,0.2348824366927147
605,617527202691813376,2429648227,oppress,-0.34800440073013306
606,617527202691813376,2429648227,semst,-0.3512425348162651
607,617527259575009281,2180563412,everyone,0.4466923698782921
608,617527259575009281,2180563412,origins,0.4466964341700077
609,617527259575009281,2180563412,semst,0.4515249915421009
610,617544530091339776,413650758,semst,-0.6092152614146471
611,617594114234716160,1877566596,animals,-0.23489265143871307
612,617594114234716160,1877566596,girls,-0.23488177359104156
613,617594114234716160,1877566596,god,0.6785022765398026
614,617640988299825153,33972296,issue,-0.2610529363155365
615,617640988299825153,33972296,preference,-0.26105181872844696
616,617690560002936834,3112095424,story,0.5205093249678612
617,617690560002936834,3112095424,thanks,0.5205183699727058
618,617736229119897600,2353473133,rap,0.22679521143436432
619,617755619303522304,471333409,ideas,-0.6315153278410435
620,617755619303522304,471333409,machine,-0.6315027102828026
621,617755619303522304,471333409,voices,-0.6315100509673357
622,617782532730322945,963507068,something,-0.2149558961391449
623,617789954177921028,951010796,feminists,-0.2422293797135353
624,617789954177921028,951010796,fuck,-0.8663656208664179
625,617789954177921028,951010796,meninists,-0.3104291930794716
626,617789954177921028,951010796,mras,-0.30698221921920776
627,617789954177921028,951010796,women,-0.27190983295440674
628,617809571743145984,220304072,dashing,-0.5849821418523788
629,617809571743145984,220304072,mardaani,0.3476818576455116
630,617809571743145984,220304072,tahir,-0.5849774889647961
631,617809571743145984,220304072,tahirrajbhasin,0.35541295260190964
632,617826701318426628,870988388,half,-0.4207814335823059
633,617826701318426628,870988388,yousafzai,-0.31904685497283936
634,617850614505172996,45861294,anyone,-0.3246697932481766
635,617850614505172996,45861294,chotchkies,-0.3307477217167616
636,617850614505172996,45861294,links,-0.3246796727180481
637,617861055033663488,607325551,trophies,-0.32951394096016884
638,617861055033663488,607325551,video,-0.3295178823173046
639,617861055033663488,607325551,women,-0.32950515300035477
640,617878405225164800,2869086157,engineer,-0.3281238414347172
641,617878405225164800,2869086157,sandwich,-0.3280981667339802
642,617881795703390208,2542139300,stalker,-0.4751240760087967
643,617881795703390208,2542139300,weeks,-0.47512328438460827
644,617883765105401856,64267838,equal,-0.4980626031756401
645,617883848337022976,572388577,cup,0.5168904028832912
646,617883848337022976,572388577,house,0.42650023475289345
647,617883848337022976,572388577,steps,0.426497433334589
648,617883848337022976,572388577,wnt,0.42940498888492584
649,617887480054972421,991346778,idgaf,-0.7719592750072479
650,617887480054972421,991346778,semst,-0.7719636932015419
651,617896995223515136,21819264,antifeminism,-0.3246718794107437
652,617916560192069632,21819264,feminists,-0.5061078742146492
653,617916560192069632,21819264,sex,-0.502466656267643
654,617916560192069632,21819264,sexism,-0.4363105669617653
655,617931453108649984,509769573,abuser,-0.2768777161836624
656,617931453108649984,509769573,idol,-0.27544260025024414
657,617931453108649984,509769573,solo,0.2658572979271412
658,617933129039245312,509769573,right,-0.36019911617040634
659,617934934292836355,509769573,feminism,-0.22860752046108246
660,617934934292836355,509769573,rights,-0.22861263155937195
661,617934934292836355,509769573,time,-0.22861003875732422
662,617939389067468801,1608967496,repubgirllife,0.2615175060927868
663,617939389067468801,1608967496,screwfeminism,-0.9319772869348526
664,617939389067468801,1608967496,semst,-0.9304976649582386
665,618033086035554304,2868906035,eeriences,-0.22874173521995544
666,618033086035554304,2868906035,teamwork,-0.46851949393749237
667,618054926237855744,168286179,show,0.2254704013466835
668,618054926237855744,168286179,test,0.22546701040118933
669,618075600851476480,88302415,body,-0.34542935341596603
670,618075600851476480,88302415,semst,-0.3473592922091484
671,618095245847343104,375549185,feminists,-0.42559216171503067
672,618095245847343104,375549185,guys,0.21108457446098328
673,618095245847343104,375549185,ladies,0.2110816240310669
674,618095245847343104,375549185,michelle,0.2110856957733631
675,618095245847343104,375549185,xxl,0.21432782337069511
676,618121523379896321,299453646,sports,-0.6984922811388969
677,618121523379896321,299453646,women,-0.6984828934073448
678,618121523379896321,299453646,world,-0.6984966993331909
679,618139411679580160,509769573,everyone,0.27670975774526596
680,618149097221062656,3143085166,confidence,0.24429117888212204
681,618149097221062656,3143085166,motafam,0.24990647286176682
682,618152127207211008,3345942753,charged,0.2099529355764389
683,618153836620845056,509769573,evidence,-0.7298775538802147
684,618153836620845056,509769573,feminism,-0.7298997789621353
685,618153836620845056,509769573,manspreading,-0.7365652956068516
686,618166427061755912,3330251014,feminists,-0.6332600228488445
687,618166427061755912,3330251014,jokes,-0.6300832275301218
688,618166427061755912,3330251014,semst,-0.534148782491684
689,618181708899315712,1332005876,air,0.3295803405344486
690,618181708899315712,1332005876,breath,0.3295815885066986
691,618181708899315712,1332005876,caitlinmoran,0.33286560140550137
692,618181708899315712,1332005876,interview,0.3215639367699623
693,618181708899315712,1332005876,ladies,0.32958347722887993
694,618181708899315712,1332005876,lenadunham,0.33286730106920004
695,618232037103792128,1295672767,future,-0.6838204376399517
696,618232037103792128,1295672767,man,-0.5541808716952801
697,618232037103792128,1295672767,marriage,-0.5541823171079159
698,618232037103792128,1295672767,murderage,-0.5594281256198883
699,618232037103792128,1295672767,murderrage,-0.3911855146288872
700,618232037103792128,1295672767,trust,-0.6838181912899017
701,618232037103792128,1295672767,women,-0.6838096342980862
702,618266877546991616,119247289,girl,0.22678396105766296
703,618292935440797696,28043760,respect,0.4651668891310692
704,618297915279327233,448111957,brother,0.2293950580060482
705,618297915279327233,448111957,noises,0.22939499095082283
706,618379205596712960,3196941831,sexist,-0.7911233566701412
707,618379205596712960,3196941831,winning,-0.24425800144672394
708,618379205596712960,3196941831,women,-0.308167040348053
709,618401582519033857,136661815,shoulders,-0.4617617055773735
710,618464777027850240,747723973,girls,0.46374813094735146
711,618464777027850240,747723973,rights,0.4637427255511284
712,618498027280564224,3248746786,attention,-0.275496207177639
713,618498027280564224,3248746786,cancer,-0.2755029648542404
714,618498027280564224,3248746786,issues,-0.2755059003829956
715,618498207023300608,3248746786,madness,-0.2080802097916603
716,618543956922494976,356634518,kasscheeks,-0.8601923082023859
717,618543956922494976,356634518,semst,-0.8593271244317293
718,618543956922494976,356634518,times,-0.8576075471937656
719,618579189155897348,3248746786,bitches,-0.8686180282384157
720,618579189155897348,3248746786,death,-0.8672259710729122
721,618579189155897348,3248746786,semst,-0.9424052471294999
722,618579189155897348,3248746786,thing,-0.8672005441039801
723,618581248076873728,34399693,conditioners,0.2184443138539791
724,618581248076873728,34399693,sundress,0.22016387432813644
725,618581947959410697,3043915019,adult,-0.5306407995522022
726,618581947959410697,3043915019,things,-0.5306430347263813
727,618581947959410697,3043915019,whine,-0.5334695093333721
728,618584179132002304,2160658435,partner,-0.2655242681503296
729,618584179132002304,2160658435,yesallwomen,-0.2694788724184036
730,618599346876084226,1279365926,friend,-0.34170106053352356
731,618599346876084226,1279365926,semst,-0.3463895469903946
732,618607339730522112,712383758,attitude,0.5120043233036995
733,618607339730522112,712383758,saltwaterpop,0.2466251291334629
734,618629348967493632,318667006,buddies,0.229860482737422
735,618629348967493632,318667006,health,0.22985814325511456
736,618629348967493632,318667006,laugh,0.22985863499343395
737,618629348967493632,318667006,points,0.22986483946442604
738,618683950026768384,52560268,bihday,0.41527604684233665
739,618683950026768384,52560268,semst,0.8604401722550392
740,618683950026768384,52560268,views,0.4076599292457104
741,618694483853623296,1895992122,feminits,-0.2180710732936859
742,618711451780448256,273641006,rock,0.3064293786883354
743,618713726544429056,112628901,bitch,-0.864721279591322
744,618713726544429056,112628901,shit,-0.8314633518457413
745,618813820689977344,3038116383,fuck,-0.8200860656797886
746,618813820689977344,3038116383,one,-0.8200474809855223
747,618813820689977344,3038116383,semst,-0.8226938806474209
748,618813820689977344,3038116383,things,-0.8200491853058338
749,618824942797373440,3224829778,bieber,-0.7484677731990814
750,618824942797373440,3224829778,butt,-0.7470006793737411
751,618824942797373440,3224829778,sexism,-0.7484658062458038
752,618824942797373440,3224829778,shorts,-0.7469923347234726
753,618824942797373440,3224829778,slut,-0.7484371289610863
754,618824942797373440,3224829778,women,-0.7469975128769875
755,618829016280072192,509769573,abortion,-0.4800916016101837
756,618829016280072192,509769573,earth,-0.48008063435554504
757,618829016280072192,509769573,man,-0.48009005934000015
758,618829016280072192,509769573,support,-0.4801032841205597
759,618862342357409792,517239908,celebrities,-0.2847372591495514
760,618862342357409792,517239908,term,-0.28471531718969345
761,618866748255805440,95697038,death,-0.7321084477007389
762,618866748255805440,95697038,east,-0.7320904191583395
763,618866748255805440,95697038,women,-0.7320918142795563
764,618876123204730881,3353633032,losers,-0.823336398229003
765,618876123204730881,3353633032,person,-0.4640814810991287
766,618915911320276992,21819264,ground,-0.5681455507874489
767,618915911320276992,21819264,judgement,-0.5681501105427742
768,618956382251958272,3353633032,face,-0.8981795534491539
769,618956382251958272,3353633032,patriarchy,-0.32825829833745956
770,618956382251958272,3353633032,wives,-0.3272980526089668
771,618956382251958272,3353633032,women,-0.3272934556007385
772,619000436712800256,3231010562,rape,-0.5549850426614285
773,619000436712800256,3231010562,scbchbum,-0.8957147812470794
774,619014341203902464,598018682,feminism,0.4403916746377945
775,619014341203902464,598018682,man,0.44039367511868477
776,619014341203902464,598018682,room,0.06270800717175007
777,619014341203902464,598018682,women,0.4403907395899296
778,619032628256186368,904810734,bozarbrussels,-0.26834727451205254
779,619032628256186368,904810734,genderequality,-0.26609421521425247
780,619032628256186368,904810734,semst,-0.766284154728055
781,619032628256186368,904810734,stopmarriagebill,-0.7699874583631754
782,619032628256186368,904810734,women,-0.25939198955893517
783,619039768584814592,2745577190,front,-0.2657233998179436
784,619081905972056064,3245355291,feminists,-0.8006345815956593
785,619081905972056064,3245355291,stupidity,-0.7969560939818621
786,619087043998584833,2388340026,abed,-0.21200566738843918
787,619087043998584833,2388340026,life,-0.21096042543649673
788,619088400705044480,3248746786,fem,-0.8420302532613277
789,619088400705044480,3248746786,feminism,-0.8391789309680462
790,619088400705044480,3248746786,group,-0.8391769491136074
791,619088400705044480,3248746786,hate,-0.3768387082964182
792,619088400705044480,3248746786,nothing,-0.3768361024558544
793,619088400705044480,3248746786,user,-0.37684893421828747
794,619128443771441152,493817448,man,-0.34106069803237915
795,619128443771441152,493817448,shadow,-0.34106528759002686
796,619128443771441152,493817448,women,-0.34106235206127167
797,619133223717740544,1313442830,husbans,-0.31133148819208145
798,619133223717740544,1313442830,women,-0.3056352883577347
799,619197655332294660,509769573,character,-0.6849070396274328
800,619197655332294660,509769573,oppress,-0.6865707654505968
801,619199761359470593,32521113,semst,-0.26287443935871124
802,619251810797268992,3234053946,brain,-0.642728865146637
803,619251810797268992,3234053946,politics,-0.21812067925930023
804,619264433240584193,189028749,semst,0.2039814442396164
805,619281506318467072,509769573,feminism,-0.4852040149271488
806,619281506318467072,509769573,murder,-0.4851962514221668
807,619281506318467072,509769573,women,-0.48519815504550934
808,619300825542860802,3043915019,feminists,-0.8993724109604955
809,619300825542860802,3043915019,opinions,-0.8979064989835024
810,619323663347752960,106211842,semst,-0.3317250609397888
811,619341831122341888,3043915019,farse,-0.30034977197647095
812,619341831122341888,3043915019,shampoo,-0.9315076014027
813,619341831122341888,3043915019,shit,-0.9304148415103555
814,619341831122341888,3043915019,tax,-0.29752425104379654
815,619456100593737728,380221841,ffd3,0.20092322677373886
816,619466493609287680,3369013761,feminists,-0.6459173783659935
817,619466493609287680,3369013761,personalities,-0.6435698680579662
818,619470102216450048,107168854,anyone,-0.327678419649601
819,619470102216450048,107168854,exception,-0.3276629373431206
820,619470102216450048,107168854,pride,0.32434964179992676
821,619502429785042944,1636125805,cause,-0.8454952333122492
822,619502429785042944,1636125805,equality,-0.3226815164089203
823,619502429785042944,1636125805,law,-0.8454944621771574
824,619502429785042944,1636125805,women,-0.8454955536872149
825,619532636487168000,201553765,cernovich,-0.7315229214727879
826,619532636487168000,201553765,heads,-0.7283152267336845
827,619532636487168000,201553765,semst,-0.7315173856914043
828,619532636487168000,201553765,shame,-0.7283140495419502
829,619696370908135426,3220693453,nerds,-0.8904315615072846
830,619713365544300544,3368792476,women,-0.262469083070755
831,619786476272922624,3335138362,equality,-0.6967904027551413
832,619786476272922624,3335138362,hat,-0.6480081491172314
833,619799677282684928,3361503233,semst,0.3458212912082672
834,619806718873055232,21819264,fable,-0.6034976001828909
835,619806718873055232,21819264,rapeculture,-0.6087378989905119
